35608
68359
34584
28842
72617
13455
24265
18060
24610
3835
55576
34891
56034
21120
71099
13944
89065
93929
37932
14802
81321
35699
8254
64325
30555
87161
84152
67146
99392
32655
73345
35001
1014
7929
80195
89984
21384
20813
24396
62346
41000
79972
13589
97034
17444
84689
27330
6510
78618
65263
37664
76292
962
45918
40617
47869
49432
41121
15015
65176
73776
88360
16529
91143
12642
13077
81127
50378
50242
5523
12725
91242
85496
42666
88276
19292
27355
31959
25802
22326
97222
79818
14970
14536
42089
55587
62405
7873
96708
93772
89401
86837
82132
5931
77980
94774
35360
59107
45153
85602
